(
(0.000000 0.000000e+00)
(0.001001 6.289433e-03)
(0.002002 1.257862e-02)
(0.003003 1.886730e-02)
(0.004004 2.515525e-02)
(0.005005 3.144219e-02)
(0.006006 3.772789e-02)
(0.007007 4.401210e-02)
(0.008008 5.029457e-02)
(0.009009 5.657505e-02)
(0.010010 6.285329e-02)
(0.011011 6.912904e-02)
(0.012012 7.540206e-02)
(0.013013 8.167210e-02)
(0.014014 8.793891e-02)
(0.015015 9.420224e-02)
(0.016016 1.004618e-01)
(0.017017 1.067175e-01)
(0.018018 1.129689e-01)
(0.019019 1.192158e-01)
(0.020020 1.254580e-01)
(0.021021 1.316953e-01)
(0.022022 1.379273e-01)
(0.023023 1.441539e-01)
(0.024024 1.503748e-01)
(0.025025 1.565898e-01)
(0.026026 1.627985e-01)
(0.027027 1.690008e-01)
(0.028028 1.751964e-01)
(0.029029 1.813851e-01)
(0.030030 1.875667e-01)
(0.031031 1.937408e-01)
(0.032032 1.999072e-01)
(0.033033 2.060657e-01)
(0.034034 2.122161e-01)
(0.035035 2.183581e-01)
(0.036036 2.244914e-01)
(0.037037 2.306159e-01)
(0.038038 2.367312e-01)
(0.039039 2.428372e-01)
(0.040040 2.489336e-01)
(0.041041 2.550201e-01)
(0.042042 2.610965e-01)
(0.043043 2.671626e-01)
(0.044044 2.732182e-01)
(0.045045 2.792629e-01)
(0.046046 2.852966e-01)
(0.047047 2.913190e-01)
(0.048048 2.973298e-01)
(0.049049 3.033289e-01)
(0.050050 3.093161e-01)
(0.051051 3.152909e-01)
(0.052052 3.212533e-01)
(0.053053 3.272030e-01)
(0.054054 3.331398e-01)
(0.055055 3.390634e-01)
(0.056056 3.449735e-01)
(0.057057 3.508701e-01)
(0.058058 3.567527e-01)
(0.059059 3.626212e-01)
(0.060060 3.684754e-01)
(0.061061 3.743150e-01)
(0.062062 3.801398e-01)
(0.063063 3.859496e-01)
(0.064064 3.917441e-01)
(0.065065 3.975231e-01)
(0.066066 4.032863e-01)
(0.067067 4.090336e-01)
(0.068068 4.147648e-01)
(0.069069 4.204795e-01)
(0.070070 4.261776e-01)
(0.071071 4.318589e-01)
(0.072072 4.375230e-01)
(0.073073 4.431699e-01)
(0.074074 4.487992e-01)
(0.075075 4.544107e-01)
(0.076076 4.600043e-01)
(0.077077 4.655797e-01)
(0.078078 4.711367e-01)
(0.079079 4.766750e-01)
(0.080080 4.821945e-01)
(0.081081 4.876949e-01)
(0.082082 4.931761e-01)
(0.083083 4.986377e-01)
(0.084084 5.040796e-01)
(0.085085 5.095015e-01)
(0.086086 5.149033e-01)
(0.087087 5.202847e-01)
(0.088088 5.256456e-01)
(0.089089 5.309856e-01)
(0.090090 5.363046e-01)
(0.091091 5.416025e-01)
(0.092092 5.468789e-01)
(0.093093 5.521336e-01)
(0.094094 5.573666e-01)
(0.095095 5.625775e-01)
(0.096096 5.677661e-01)
(0.097097 5.729323e-01)
(0.098098 5.780758e-01)
(0.099099 5.831964e-01)
(0.100100 5.882940e-01)
(0.101101 5.933683e-01)
(0.102102 5.984191e-01)
(0.103103 6.034462e-01)
(0.104104 6.084495e-01)
(0.105105 6.134287e-01)
(0.106106 6.183837e-01)
(0.107107 6.233142e-01)
(0.108108 6.282200e-01)
(0.109109 6.331010e-01)
(0.110110 6.379569e-01)
(0.111111 6.427876e-01)
(0.112112 6.475929e-01)
(0.113113 6.523725e-01)
(0.114114 6.571264e-01)
(0.115115 6.618542e-01)
(0.116116 6.665559e-01)
(0.117117 6.712312e-01)
(0.118118 6.758800e-01)
(0.119119 6.805020e-01)
(0.120120 6.850971e-01)
(0.121121 6.896651e-01)
(0.122122 6.942058e-01)
(0.123123 6.987191e-01)
(0.124124 7.032047e-01)
(0.125125 7.076625e-01)
(0.126126 7.120923e-01)
(0.127127 7.164939e-01)
(0.128128 7.208672e-01)
(0.129129 7.252120e-01)
(0.130130 7.295281e-01)
(0.131131 7.338153e-01)
(0.132132 7.380735e-01)
(0.133133 7.423025e-01)
(0.134134 7.465022e-01)
(0.135135 7.506723e-01)
(0.136136 7.548127e-01)
(0.137137 7.589233e-01)
(0.138138 7.630038e-01)
(0.139139 7.670542e-01)
(0.140140 7.710742e-01)
(0.141141 7.750637e-01)
(0.142142 7.790226e-01)
(0.143143 7.829506e-01)
(0.144144 7.868477e-01)
(0.145145 7.907136e-01)
(0.146146 7.945483e-01)
(0.147147 7.983515e-01)
(0.148148 8.021232e-01)
(0.149149 8.058631e-01)
(0.150150 8.095712e-01)
(0.151151 8.132472e-01)
(0.152152 8.168910e-01)
(0.153153 8.205026e-01)
(0.154154 8.240817e-01)
(0.155155 8.276281e-01)
(0.156156 8.311419e-01)
(0.157157 8.346227e-01)
(0.158158 8.380706e-01)
(0.159159 8.414853e-01)
(0.160160 8.448667e-01)
(0.161161 8.482147e-01)
(0.162162 8.515291e-01)
(0.163163 8.548099e-01)
(0.164164 8.580568e-01)
(0.165165 8.612698e-01)
(0.166166 8.644488e-01)
(0.167167 8.675935e-01)
(0.168168 8.707039e-01)
(0.169169 8.737799e-01)
(0.170170 8.768213e-01)
(0.171171 8.798280e-01)
(0.172172 8.827999e-01)
(0.173173 8.857369e-01)
(0.174174 8.886389e-01)
(0.175175 8.915057e-01)
(0.176176 8.943372e-01)
(0.177177 8.971334e-01)
(0.178178 8.998941e-01)
(0.179179 9.026191e-01)
(0.180180 9.053085e-01)
(0.181181 9.079621e-01)
(0.182182 9.105797e-01)
(0.183183 9.131613e-01)
(0.184184 9.157068e-01)
(0.185185 9.182161e-01)
(0.186186 9.206891e-01)
(0.187187 9.231256e-01)
(0.188188 9.255256e-01)
(0.189189 9.278890e-01)
(0.190190 9.302157e-01)
(0.191191 9.325056e-01)
(0.192192 9.347587e-01)
(0.193193 9.369747e-01)
(0.194194 9.391537e-01)
(0.195195 9.412955e-01)
(0.196196 9.434001e-01)
(0.197197 9.454674e-01)
(0.198198 9.474972e-01)
(0.199199 9.494896e-01)
(0.200200 9.514445e-01)
(0.201201 9.533617e-01)
(0.202202 9.552412e-01)
(0.203203 9.570829e-01)
(0.204204 9.588867e-01)
(0.205205 9.606526e-01)
(0.206206 9.623805e-01)
(0.207207 9.640703e-01)
(0.208208 9.657220e-01)
(0.209209 9.673355e-01)
(0.210210 9.689108e-01)
(0.211211 9.704477e-01)
(0.212212 9.719462e-01)
(0.213213 9.734063e-01)
(0.214214 9.748278e-01)
(0.215215 9.762109e-01)
(0.216216 9.775552e-01)
(0.217217 9.788610e-01)
(0.218218 9.801280e-01)
(0.219219 9.813562e-01)
(0.220220 9.825456e-01)
(0.221221 9.836961e-01)
(0.222222 9.848078e-01)
(0.223223 9.858804e-01)
(0.224224 9.869141e-01)
(0.225225 9.879087e-01)
(0.226226 9.888643e-01)
(0.227227 9.897807e-01)
(0.228228 9.906580e-01)
(0.229229 9.914961e-01)
(0.230230 9.922950e-01)
(0.231231 9.930546e-01)
(0.232232 9.937749e-01)
(0.233233 9.944560e-01)
(0.234234 9.950976e-01)
(0.235235 9.957000e-01)
(0.236236 9.962629e-01)
(0.237237 9.967864e-01)
(0.238238 9.972705e-01)
(0.239239 9.977152e-01)
(0.240240 9.981204e-01)
(0.241241 9.984861e-01)
(0.242242 9.988123e-01)
(0.243243 9.990990e-01)
(0.244244 9.993461e-01)
(0.245245 9.995538e-01)
(0.246246 9.997219e-01)
(0.247247 9.998504e-01)
(0.248248 9.999394e-01)
(0.249249 9.999889e-01)
(0.250250 9.999988e-01)
(0.251251 9.999691e-01)
(0.252252 9.998999e-01)
(0.253253 9.997911e-01)
(0.254254 9.996428e-01)
(0.255255 9.994549e-01)
(0.256256 9.992275e-01)
(0.257257 9.989606e-01)
(0.258258 9.986541e-01)
(0.259259 9.983082e-01)
(0.260260 9.979227e-01)
(0.261261 9.974978e-01)
(0.262262 9.970334e-01)
(0.263263 9.965296e-01)
(0.264264 9.959864e-01)
(0.265265 9.954037e-01)
(0.266266 9.947817e-01)
(0.267267 9.941204e-01)
(0.268268 9.934197e-01)
(0.269269 9.926797e-01)
(0.270270 9.919004e-01)
(0.271271 9.910819e-01)
(0.272272 9.902243e-01)
(0.273273 9.893274e-01)
(0.274274 9.883914e-01)
(0.275275 9.874163e-01)
(0.276276 9.864021e-01)
(0.277277 9.853490e-01)
(0.278278 9.842568e-01)
(0.279279 9.831257e-01)
(0.280280 9.819557e-01)
(0.281281 9.807469e-01)
(0.282282 9.794993e-01)
(0.283283 9.782129e-01)
(0.284284 9.768879e-01)
(0.285285 9.755242e-01)
(0.286286 9.741219e-01)
(0.287287 9.726811e-01)
(0.288288 9.712018e-01)
(0.289289 9.696840e-01)
(0.290290 9.681280e-01)
(0.291291 9.665336e-01)
(0.292292 9.649010e-01)
(0.293293 9.632302e-01)
(0.294294 9.615213e-01)
(0.295295 9.597744e-01)
(0.296296 9.579895e-01)
(0.297297 9.561667e-01)
(0.298298 9.543061e-01)
(0.299299 9.524078e-01)
(0.300300 9.504718e-01)
(0.301301 9.484981e-01)
(0.302302 9.464870e-01)
(0.303303 9.444384e-01)
(0.304304 9.423525e-01)
(0.305305 9.402292e-01)
(0.306306 9.380688e-01)
(0.307307 9.358713e-01)
(0.308308 9.336368e-01)
(0.309309 9.313653e-01)
(0.310310 9.290570e-01)
(0.311311 9.267119e-01)
(0.312312 9.243302e-01)
(0.313313 9.219119e-01)
(0.314314 9.194571e-01)
(0.315315 9.169660e-01)
(0.316316 9.144386e-01)
(0.317317 9.118750e-01)
(0.318318 9.092754e-01)
(0.319319 9.066398e-01)
(0.320320 9.039683e-01)
(0.321321 9.012610e-01)
(0.322322 8.985182e-01)
(0.323323 8.957397e-01)
(0.324324 8.929259e-01)
(0.325325 8.900767e-01)
(0.326326 8.871923e-01)
(0.327327 8.842728e-01)
(0.328328 8.813183e-01)
(0.329329 8.783290e-01)
(0.330330 8.753049e-01)
(0.331331 8.722462e-01)
(0.332332 8.691530e-01)
(0.333333 8.660254e-01)
(0.334334 8.628636e-01)
(0.335335 8.596676e-01)
(0.336336 8.564376e-01)
(0.337337 8.531737e-01)
(0.338338 8.498761e-01)
(0.339339 8.465449e-01)
(0.340340 8.431802e-01)
(0.341341 8.397821e-01)
(0.342342 8.363508e-01)
(0.343343 8.328864e-01)
(0.344344 8.293891e-01)
(0.345345 8.258590e-01)
(0.346346 8.222962e-01)
(0.347347 8.187009e-01)
(0.348348 8.150731e-01)
(0.349349 8.114132e-01)
(0.350350 8.077211e-01)
(0.351351 8.039971e-01)
(0.352352 8.002413e-01)
(0.353353 7.964539e-01)
(0.354354 7.926349e-01)
(0.355355 7.887846e-01)
(0.356356 7.849030e-01)
(0.357357 7.809905e-01)
(0.358358 7.770470e-01)
(0.359359 7.730728e-01)
(0.360360 7.690680e-01)
(0.361361 7.650328e-01)
(0.362362 7.609673e-01)
(0.363363 7.568718e-01)
(0.364364 7.527462e-01)
(0.365365 7.485909e-01)
(0.366366 7.444060e-01)
(0.367367 7.401917e-01)
(0.368368 7.359481e-01)
(0.369369 7.316753e-01)
(0.370370 7.273736e-01)
(0.371371 7.230432e-01)
(0.372372 7.186841e-01)
(0.373373 7.142966e-01)
(0.374374 7.098809e-01)
(0.375375 7.054371e-01)
(0.376376 7.009653e-01)
(0.377377 6.964659e-01)
(0.378378 6.919389e-01)
(0.379379 6.873845e-01)
(0.380380 6.828029e-01)
(0.381381 6.781943e-01)
(0.382382 6.735589e-01)
(0.383383 6.688969e-01)
(0.384384 6.642084e-01)
(0.385385 6.594936e-01)
(0.386386 6.547527e-01)
(0.387387 6.499859e-01)
(0.388388 6.451934e-01)
(0.389389 6.403754e-01)
(0.390390 6.355321e-01)
(0.391391 6.306636e-01)
(0.392392 6.257702e-01)
(0.393393 6.208520e-01)
(0.394394 6.159093e-01)
(0.395395 6.109421e-01)
(0.396396 6.059509e-01)
(0.397397 6.009356e-01)
(0.398398 5.958966e-01)
(0.399399 5.908340e-01)
(0.400400 5.857481e-01)
(0.401401 5.806389e-01)
(0.402402 5.755069e-01)
(0.403403 5.703520e-01)
(0.404404 5.651746e-01)
(0.405405 5.599748e-01)
(0.406406 5.547529e-01)
(0.407407 5.495090e-01)
(0.408408 5.442434e-01)
(0.409409 5.389562e-01)
(0.410410 5.336478e-01)
(0.411411 5.283182e-01)
(0.412412 5.229677e-01)
(0.413413 5.175966e-01)
(0.414414 5.122049e-01)
(0.415415 5.067930e-01)
(0.416416 5.013611e-01)
(0.417417 4.959093e-01)
(0.418418 4.904379e-01)
(0.419419 4.849471e-01)
(0.420420 4.794372e-01)
(0.421421 4.739082e-01)
(0.422422 4.683605e-01)
(0.423423 4.627943e-01)
(0.424424 4.572098e-01)
(0.425425 4.516072e-01)
(0.426426 4.459867e-01)
(0.427427 4.403486e-01)
(0.428428 4.346931e-01)
(0.429429 4.290204e-01)
(0.430430 4.233307e-01)
(0.431431 4.176242e-01)
(0.432432 4.119012e-01)
(0.433433 4.061620e-01)
(0.434434 4.004067e-01)
(0.435435 3.946355e-01)
(0.436436 3.888487e-01)
(0.437437 3.830466e-01)
(0.438438 3.772293e-01)
(0.439439 3.713970e-01)
(0.440440 3.655501e-01)
(0.441441 3.596887e-01)
(0.442442 3.538131e-01)
(0.443443 3.479235e-01)
(0.444444 3.420201e-01)
(0.445445 3.361032e-01)
(0.446446 3.301731e-01)
(0.447447 3.242298e-01)
(0.448448 3.182737e-01)
(0.449449 3.123050e-01)
(0.450450 3.063240e-01)
(0.451451 3.003309e-01)
(0.452452 2.943259e-01)
(0.453453 2.883092e-01)
(0.454454 2.822811e-01)
(0.455455 2.762419e-01)
(0.456456 2.701917e-01)
(0.457457 2.641309e-01)
(0.458458 2.580596e-01)
(0.459459 2.519781e-01)
(0.460460 2.458866e-01)
(0.461461 2.397854e-01)
(0.462462 2.336747e-01)
(0.463463 2.275548e-01)
(0.464464 2.214258e-01)
(0.465465 2.152881e-01)
(0.466466 2.091419e-01)
(0.467467 2.029875e-01)
(0.468468 1.968249e-01)
(0.469469 1.906546e-01)
(0.470470 1.844768e-01)
(0.471471 1.782917e-01)
(0.472472 1.720995e-01)
(0.473473 1.659005e-01)
(0.474474 1.596949e-01)
(0.475475 1.534831e-01)
(0.476476 1.472651e-01)
(0.477477 1.410413e-01)
(0.478478 1.348120e-01)
(0.479479 1.285773e-01)
(0.480480 1.223375e-01)
(0.481481 1.160929e-01)
(0.482482 1.098437e-01)
(0.483483 1.035902e-01)
(0.484484 9.733252e-02)
(0.485485 9.107102e-02)
(0.486486 8.480592e-02)
(0.487487 7.853747e-02)
(0.488488 7.226591e-02)
(0.489489 6.599149e-02)
(0.490490 5.971446e-02)
(0.491491 5.343507e-02)
(0.492492 4.715357e-02)
(0.493493 4.087020e-02)
(0.494494 3.458521e-02)
(0.495495 2.829886e-02)
(0.496496 2.201138e-02)
(0.497497 1.572304e-02)
(0.498498 9.434072e-03)
(0.499499 3.144732e-03)
(0.500501 -3.144732e-03)
(0.501502 -9.434072e-03)
(0.502503 -1.572304e-02)
(0.503504 -2.201138e-02)
(0.504505 -2.829886e-02)
(0.505506 -3.458521e-02)
(0.506507 -4.087020e-02)
(0.507508 -4.715357e-02)
(0.508509 -5.343507e-02)
(0.509510 -5.971446e-02)
(0.510511 -6.599149e-02)
(0.511512 -7.226591e-02)
(0.512513 -7.853747e-02)
(0.513514 -8.480592e-02)
(0.514515 -9.107102e-02)
(0.515516 -9.733252e-02)
(0.516517 -1.035902e-01)
(0.517518 -1.098437e-01)
(0.518519 -1.160929e-01)
(0.519520 -1.223375e-01)
(0.520521 -1.285773e-01)
(0.521522 -1.348120e-01)
(0.522523 -1.410413e-01)
(0.523524 -1.472651e-01)
(0.524525 -1.534831e-01)
(0.525526 -1.596949e-01)
(0.526527 -1.659005e-01)
(0.527528 -1.720995e-01)
(0.528529 -1.782917e-01)
(0.529530 -1.844768e-01)
(0.530531 -1.906546e-01)
(0.531532 -1.968249e-01)
(0.532533 -2.029875e-01)
(0.533534 -2.091419e-01)
(0.534535 -2.152881e-01)
(0.535536 -2.214258e-01)
(0.536537 -2.275548e-01)
(0.537538 -2.336747e-01)
(0.538539 -2.397854e-01)
(0.539540 -2.458866e-01)
(0.540541 -2.519781e-01)
(0.541542 -2.580596e-01)
(0.542543 -2.641309e-01)
(0.543544 -2.701917e-01)
(0.544545 -2.762419e-01)
(0.545546 -2.822811e-01)
(0.546547 -2.883092e-01)
(0.547548 -2.943259e-01)
(0.548549 -3.003309e-01)
(0.549550 -3.063240e-01)
(0.550551 -3.123050e-01)
(0.551552 -3.182737e-01)
(0.552553 -3.242298e-01)
(0.553554 -3.301731e-01)
(0.554555 -3.361032e-01)
(0.555556 -3.420201e-01)
(0.556557 -3.479235e-01)
(0.557558 -3.538131e-01)
(0.558559 -3.596887e-01)
(0.559560 -3.655501e-01)
(0.560561 -3.713970e-01)
(0.561562 -3.772293e-01)
(0.562563 -3.830466e-01)
(0.563564 -3.888487e-01)
(0.564565 -3.946355e-01)
(0.565566 -4.004067e-01)
(0.566567 -4.061620e-01)
(0.567568 -4.119012e-01)
(0.568569 -4.176242e-01)
(0.569570 -4.233307e-01)
(0.570571 -4.290204e-01)
(0.571572 -4.346931e-01)
(0.572573 -4.403486e-01)
(0.573574 -4.459867e-01)
(0.574575 -4.516072e-01)
(0.575576 -4.572098e-01)
(0.576577 -4.627943e-01)
(0.577578 -4.683605e-01)
(0.578579 -4.739082e-01)
(0.579580 -4.794372e-01)
(0.580581 -4.849471e-01)
(0.581582 -4.904379e-01)
(0.582583 -4.959093e-01)
(0.583584 -5.013611e-01)
(0.584585 -5.067930e-01)
(0.585586 -5.122049e-01)
(0.586587 -5.175966e-01)
(0.587588 -5.229677e-01)
(0.588589 -5.283182e-01)
(0.589590 -5.336478e-01)
(0.590591 -5.389562e-01)
(0.591592 -5.442434e-01)
(0.592593 -5.495090e-01)
(0.593594 -5.547529e-01)
(0.594595 -5.599748e-01)
(0.595596 -5.651746e-01)
(0.596597 -5.703520e-01)
(0.597598 -5.755069e-01)
(0.598599 -5.806389e-01)
(0.599600 -5.857481e-01)
(0.600601 -5.908340e-01)
(0.601602 -5.958966e-01)
(0.602603 -6.009356e-01)
(0.603604 -6.059509e-01)
(0.604605 -6.109421e-01)
(0.605606 -6.159093e-01)
(0.606607 -6.208520e-01)
(0.607608 -6.257702e-01)
(0.608609 -6.306636e-01)
(0.609610 -6.355321e-01)
(0.610611 -6.403754e-01)
(0.611612 -6.451934e-01)
(0.612613 -6.499859e-01)
(0.613614 -6.547527e-01)
(0.614615 -6.594936e-01)
(0.615616 -6.642084e-01)
(0.616617 -6.688969e-01)
(0.617618 -6.735589e-01)
(0.618619 -6.781943e-01)
(0.619620 -6.828029e-01)
(0.620621 -6.873845e-01)
(0.621622 -6.919389e-01)
(0.622623 -6.964659e-01)
(0.623624 -7.009653e-01)
(0.624625 -7.054371e-01)
(0.625626 -7.098809e-01)
(0.626627 -7.142966e-01)
(0.627628 -7.186841e-01)
(0.628629 -7.230432e-01)
(0.629630 -7.273736e-01)
(0.630631 -7.316753e-01)
(0.631632 -7.359481e-01)
(0.632633 -7.401917e-01)
(0.633634 -7.444060e-01)
(0.634635 -7.485909e-01)
(0.635636 -7.527462e-01)
(0.636637 -7.568718e-01)
(0.637638 -7.609673e-01)
(0.638639 -7.650328e-01)
(0.639640 -7.690680e-01)
(0.640641 -7.730728e-01)
(0.641642 -7.770470e-01)
(0.642643 -7.809905e-01)
(0.643644 -7.849030e-01)
(0.644645 -7.887846e-01)
(0.645646 -7.926349e-01)
(0.646647 -7.964539e-01)
(0.647648 -8.002413e-01)
(0.648649 -8.039971e-01)
(0.649650 -8.077211e-01)
(0.650651 -8.114132e-01)
(0.651652 -8.150731e-01)
(0.652653 -8.187009e-01)
(0.653654 -8.222962e-01)
(0.654655 -8.258590e-01)
(0.655656 -8.293891e-01)
(0.656657 -8.328864e-01)
(0.657658 -8.363508e-01)
(0.658659 -8.397821e-01)
(0.659660 -8.431802e-01)
(0.660661 -8.465449e-01)
(0.661662 -8.498761e-01)
(0.662663 -8.531737e-01)
(0.663664 -8.564376e-01)
(0.664665 -8.596676e-01)
(0.665666 -8.628636e-01)
(0.666667 -8.660254e-01)
(0.667668 -8.691530e-01)
(0.668669 -8.722462e-01)
(0.669670 -8.753049e-01)
(0.670671 -8.783290e-01)
(0.671672 -8.813183e-01)
(0.672673 -8.842728e-01)
(0.673674 -8.871923e-01)
(0.674675 -8.900767e-01)
(0.675676 -8.929259e-01)
(0.676677 -8.957397e-01)
(0.677678 -8.985182e-01)
(0.678679 -9.012610e-01)
(0.679680 -9.039683e-01)
(0.680681 -9.066398e-01)
(0.681682 -9.092754e-01)
(0.682683 -9.118750e-01)
(0.683684 -9.144386e-01)
(0.684685 -9.169660e-01)
(0.685686 -9.194571e-01)
(0.686687 -9.219119e-01)
(0.687688 -9.243302e-01)
(0.688689 -9.267119e-01)
(0.689690 -9.290570e-01)
(0.690691 -9.313653e-01)
(0.691692 -9.336368e-01)
(0.692693 -9.358713e-01)
(0.693694 -9.380688e-01)
(0.694695 -9.402292e-01)
(0.695696 -9.423525e-01)
(0.696697 -9.444384e-01)
(0.697698 -9.464870e-01)
(0.698699 -9.484981e-01)
(0.699700 -9.504718e-01)
(0.700701 -9.524078e-01)
(0.701702 -9.543061e-01)
(0.702703 -9.561667e-01)
(0.703704 -9.579895e-01)
(0.704705 -9.597744e-01)
(0.705706 -9.615213e-01)
(0.706707 -9.632302e-01)
(0.707708 -9.649010e-01)
(0.708709 -9.665336e-01)
(0.709710 -9.681280e-01)
(0.710711 -9.696840e-01)
(0.711712 -9.712018e-01)
(0.712713 -9.726811e-01)
(0.713714 -9.741219e-01)
(0.714715 -9.755242e-01)
(0.715716 -9.768879e-01)
(0.716717 -9.782129e-01)
(0.717718 -9.794993e-01)
(0.718719 -9.807469e-01)
(0.719720 -9.819557e-01)
(0.720721 -9.831257e-01)
(0.721722 -9.842568e-01)
(0.722723 -9.853490e-01)
(0.723724 -9.864021e-01)
(0.724725 -9.874163e-01)
(0.725726 -9.883914e-01)
(0.726727 -9.893274e-01)
(0.727728 -9.902243e-01)
(0.728729 -9.910819e-01)
(0.729730 -9.919004e-01)
(0.730731 -9.926797e-01)
(0.731732 -9.934197e-01)
(0.732733 -9.941204e-01)
(0.733734 -9.947817e-01)
(0.734735 -9.954037e-01)
(0.735736 -9.959864e-01)
(0.736737 -9.965296e-01)
(0.737738 -9.970334e-01)
(0.738739 -9.974978e-01)
(0.739740 -9.979227e-01)
(0.740741 -9.983082e-01)
(0.741742 -9.986541e-01)
(0.742743 -9.989606e-01)
(0.743744 -9.992275e-01)
(0.744745 -9.994549e-01)
(0.745746 -9.996428e-01)
(0.746747 -9.997911e-01)
(0.747748 -9.998999e-01)
(0.748749 -9.999691e-01)
(0.749750 -9.999988e-01)
(0.750751 -9.999889e-01)
(0.751752 -9.999394e-01)
(0.752753 -9.998504e-01)
(0.753754 -9.997219e-01)
(0.754755 -9.995538e-01)
(0.755756 -9.993461e-01)
(0.756757 -9.990990e-01)
(0.757758 -9.988123e-01)
(0.758759 -9.984861e-01)
(0.759760 -9.981204e-01)
(0.760761 -9.977152e-01)
(0.761762 -9.972705e-01)
(0.762763 -9.967864e-01)
(0.763764 -9.962629e-01)
(0.764765 -9.957000e-01)
(0.765766 -9.950976e-01)
(0.766767 -9.944560e-01)
(0.767768 -9.937749e-01)
(0.768769 -9.930546e-01)
(0.769770 -9.922950e-01)
(0.770771 -9.914961e-01)
(0.771772 -9.906580e-01)
(0.772773 -9.897807e-01)
(0.773774 -9.888643e-01)
(0.774775 -9.879087e-01)
(0.775776 -9.869141e-01)
(0.776777 -9.858804e-01)
(0.777778 -9.848078e-01)
(0.778779 -9.836961e-01)
(0.779780 -9.825456e-01)
(0.780781 -9.813562e-01)
(0.781782 -9.801280e-01)
(0.782783 -9.788610e-01)
(0.783784 -9.775552e-01)
(0.784785 -9.762109e-01)
(0.785786 -9.748278e-01)
(0.786787 -9.734063e-01)
(0.787788 -9.719462e-01)
(0.788789 -9.704477e-01)
(0.789790 -9.689108e-01)
(0.790791 -9.673355e-01)
(0.791792 -9.657220e-01)
(0.792793 -9.640703e-01)
(0.793794 -9.623805e-01)
(0.794795 -9.606526e-01)
(0.795796 -9.588867e-01)
(0.796797 -9.570829e-01)
(0.797798 -9.552412e-01)
(0.798799 -9.533617e-01)
(0.799800 -9.514445e-01)
(0.800801 -9.494896e-01)
(0.801802 -9.474972e-01)
(0.802803 -9.454674e-01)
(0.803804 -9.434001e-01)
(0.804805 -9.412955e-01)
(0.805806 -9.391537e-01)
(0.806807 -9.369747e-01)
(0.807808 -9.347587e-01)
(0.808809 -9.325056e-01)
(0.809810 -9.302157e-01)
(0.810811 -9.278890e-01)
(0.811812 -9.255256e-01)
(0.812813 -9.231256e-01)
(0.813814 -9.206891e-01)
(0.814815 -9.182161e-01)
(0.815816 -9.157068e-01)
(0.816817 -9.131613e-01)
(0.817818 -9.105797e-01)
(0.818819 -9.079621e-01)
(0.819820 -9.053085e-01)
(0.820821 -9.026191e-01)
(0.821822 -8.998941e-01)
(0.822823 -8.971334e-01)
(0.823824 -8.943372e-01)
(0.824825 -8.915057e-01)
(0.825826 -8.886389e-01)
(0.826827 -8.857369e-01)
(0.827828 -8.827999e-01)
(0.828829 -8.798280e-01)
(0.829830 -8.768213e-01)
(0.830831 -8.737799e-01)
(0.831832 -8.707039e-01)
(0.832833 -8.675935e-01)
(0.833834 -8.644488e-01)
(0.834835 -8.612698e-01)
(0.835836 -8.580568e-01)
(0.836837 -8.548099e-01)
(0.837838 -8.515291e-01)
(0.838839 -8.482147e-01)
(0.839840 -8.448667e-01)
(0.840841 -8.414853e-01)
(0.841842 -8.380706e-01)
(0.842843 -8.346227e-01)
(0.843844 -8.311419e-01)
(0.844845 -8.276281e-01)
(0.845846 -8.240817e-01)
(0.846847 -8.205026e-01)
(0.847848 -8.168910e-01)
(0.848849 -8.132472e-01)
(0.849850 -8.095712e-01)
(0.850851 -8.058631e-01)
(0.851852 -8.021232e-01)
(0.852853 -7.983515e-01)
(0.853854 -7.945483e-01)
(0.854855 -7.907136e-01)
(0.855856 -7.868477e-01)
(0.856857 -7.829506e-01)
(0.857858 -7.790226e-01)
(0.858859 -7.750637e-01)
(0.859860 -7.710742e-01)
(0.860861 -7.670542e-01)
(0.861862 -7.630038e-01)
(0.862863 -7.589233e-01)
(0.863864 -7.548127e-01)
(0.864865 -7.506723e-01)
(0.865866 -7.465022e-01)
(0.866867 -7.423025e-01)
(0.867868 -7.380735e-01)
(0.868869 -7.338153e-01)
(0.869870 -7.295281e-01)
(0.870871 -7.252120e-01)
(0.871872 -7.208672e-01)
(0.872873 -7.164939e-01)
(0.873874 -7.120923e-01)
(0.874875 -7.076625e-01)
(0.875876 -7.032047e-01)
(0.876877 -6.987191e-01)
(0.877878 -6.942058e-01)
(0.878879 -6.896651e-01)
(0.879880 -6.850971e-01)
(0.880881 -6.805020e-01)
(0.881882 -6.758800e-01)
(0.882883 -6.712312e-01)
(0.883884 -6.665559e-01)
(0.884885 -6.618542e-01)
(0.885886 -6.571264e-01)
(0.886887 -6.523725e-01)
(0.887888 -6.475929e-01)
(0.888889 -6.427876e-01)
(0.889890 -6.379569e-01)
(0.890891 -6.331010e-01)
(0.891892 -6.282200e-01)
(0.892893 -6.233142e-01)
(0.893894 -6.183837e-01)
(0.894895 -6.134287e-01)
(0.895896 -6.084495e-01)
(0.896897 -6.034462e-01)
(0.897898 -5.984191e-01)
(0.898899 -5.933683e-01)
(0.899900 -5.882940e-01)
(0.900901 -5.831964e-01)
(0.901902 -5.780758e-01)
(0.902903 -5.729323e-01)
(0.903904 -5.677661e-01)
(0.904905 -5.625775e-01)
(0.905906 -5.573666e-01)
(0.906907 -5.521336e-01)
(0.907908 -5.468789e-01)
(0.908909 -5.416025e-01)
(0.909910 -5.363046e-01)
(0.910911 -5.309856e-01)
(0.911912 -5.256456e-01)
(0.912913 -5.202847e-01)
(0.913914 -5.149033e-01)
(0.914915 -5.095015e-01)
(0.915916 -5.040796e-01)
(0.916917 -4.986377e-01)
(0.917918 -4.931761e-01)
(0.918919 -4.876949e-01)
(0.919920 -4.821945e-01)
(0.920921 -4.766750e-01)
(0.921922 -4.711367e-01)
(0.922923 -4.655797e-01)
(0.923924 -4.600043e-01)
(0.924925 -4.544107e-01)
(0.925926 -4.487992e-01)
(0.926927 -4.431699e-01)
(0.927928 -4.375230e-01)
(0.928929 -4.318589e-01)
(0.929930 -4.261776e-01)
(0.930931 -4.204795e-01)
(0.931932 -4.147648e-01)
(0.932933 -4.090336e-01)
(0.933934 -4.032863e-01)
(0.934935 -3.975231e-01)
(0.935936 -3.917441e-01)
(0.936937 -3.859496e-01)
(0.937938 -3.801398e-01)
(0.938939 -3.743150e-01)
(0.939940 -3.684754e-01)
(0.940941 -3.626212e-01)
(0.941942 -3.567527e-01)
(0.942943 -3.508701e-01)
(0.943944 -3.449735e-01)
(0.944945 -3.390634e-01)
(0.945946 -3.331398e-01)
(0.946947 -3.272030e-01)
(0.947948 -3.212533e-01)
(0.948949 -3.152909e-01)
(0.949950 -3.093161e-01)
(0.950951 -3.033289e-01)
(0.951952 -2.973298e-01)
(0.952953 -2.913190e-01)
(0.953954 -2.852966e-01)
(0.954955 -2.792629e-01)
(0.955956 -2.732182e-01)
(0.956957 -2.671626e-01)
(0.957958 -2.610965e-01)
(0.958959 -2.550201e-01)
(0.959960 -2.489336e-01)
(0.960961 -2.428372e-01)
(0.961962 -2.367312e-01)
(0.962963 -2.306159e-01)
(0.963964 -2.244914e-01)
(0.964965 -2.183581e-01)
(0.965966 -2.122161e-01)
(0.966967 -2.060657e-01)
(0.967968 -1.999072e-01)
(0.968969 -1.937408e-01)
(0.969970 -1.875667e-01)
(0.970971 -1.813851e-01)
(0.971972 -1.751964e-01)
(0.972973 -1.690008e-01)
(0.973974 -1.627985e-01)
(0.974975 -1.565898e-01)
(0.975976 -1.503748e-01)
(0.976977 -1.441539e-01)
(0.977978 -1.379273e-01)
(0.978979 -1.316953e-01)
(0.979980 -1.254580e-01)
(0.980981 -1.192158e-01)
(0.981982 -1.129689e-01)
(0.982983 -1.067175e-01)
(0.983984 -1.004618e-01)
(0.984985 -9.420224e-02)
(0.985986 -8.793891e-02)
(0.986987 -8.167210e-02)
(0.987988 -7.540206e-02)
(0.988989 -6.912904e-02)
(0.989990 -6.285329e-02)
(0.990991 -5.657505e-02)
(0.991992 -5.029457e-02)
(0.992993 -4.401210e-02)
(0.993994 -3.772789e-02)
(0.994995 -3.144219e-02)
(0.995996 -2.515525e-02)
(0.996997 -1.886730e-02)
(0.997998 -1.257862e-02)
(0.998999 -6.289433e-03)
(1.000000 -2.449294e-16)
)
